|-------------------------------------------------------------------------------|
|   Bags        |   Bubble Sort | Merge Sort    | Quick Sort     | worst QuickSort
|-------------------------------------------------------------------------------|
|3000           |338            |5              |6              |97             |
|-------------------------------------------------------------------------------|
|6000           |689            |3              |2              |314            |
|-------------------------------------------------------------------------------|
|9000           |1599           |5              |4              |612            |
|-------------------------------------------------------------------------------|
|12000          |2942           |7              |6              |1187           |
|-------------------------------------------------------------------------------|
|15000          |5077           |10             |8              |1609           |
|-------------------------------------------------------------------------------|
|18000          |6824           |16             |13             |2188           |
|-------------------------------------------------------------------------------|
|21000          |9348           |12             |11             |2985           |
|-------------------------------------------------------------------------------|
|24000          |12058          |15             |13             |3706           |
|-------------------------------------------------------------------------------|
|27000          |15431          |18             |15             |4355           |
|-------------------------------------------------------------------------------|
|30000          |19525          |21             |16             |5261           |
|-------------------------------------------------------------------------------|
